20725698
29595527
31442979
38154160
21928416
28493056
29167992
28928902
22981702
45156810
119456
62454
66647
41183
62066
43788
66455
85348
39477
61717
42650
127407
44055
195652
71851
36091
67083
41771
108496
27137
76316
20691
30622
20207
29501
60744
24183
3445
40096
22782
36517
32628
38153
84735
37781
60036
32327
60632
66362
70539
35308
22230
29187
31586
43532
29942
27368
88293
43961
60370
27729
60257
73393
33530
28105
24956
118624
23525
76420
74537
5377
42615
66878
75772
39857
170302
31292
23245
38205
22188
71076
9678
30366
52669
62957
53901
34745
65985
58329
132596
37068
46398
34867
55703
18099
31206
18437
18387
18340
25838
16763
38866
41381
23245
55431
19263
58349
35506
28180
29335
82074
24004
90099
45732
35649
59953
38634
62464
47101
188545
57449
30810
170637
25112
31533
83127
55251
28991
66470
27232
34548
37832
43853
55607
25578
36346
42900
25850
22582
31648
52271
40938
41243
51790
27121
20152
13432
16328
63466
65288
24815
73244
23580
35078
38711
41376
62642
73215
70435
23062
16820
32167
111421
34669
70493
80530
36970
61506
53838
138016
48384
60560
59238
52968
88535
58176
24507
61437
30653
28372
170330
39556
57154
18028
51431
64977
22141
14027
33981
39265
76153
34504
34786
52169
38113
111854
28070
34168
93043
32017
77595
33954
25810
37234
45737
53124
50497
32496
110859
48618
54734
85564
62766
237289
48035
140970
33601
12940
78789
83028
16793
57011
54068
208237
21012
32219
51868
45071
34097
23506
24421
29750
18252
36990
40496
57514
51419
41426
28645
45882
38486
49275
61922
33977
67146
24651
363590
18452
43718
26559
134575
17750
282056
31279
14953
39786
41999
77224
27018
26515
32097
7315
10311
11980
34310
186248
57680
73276
74159
51652
74572
27646
36323
21498
6686
44312
24723
16004
27897
30879
31138
28568
18313
36715
76044
36402
63948
38394
23154
37897
85678
19217
134977
36201
24036
18222
51548
22861
43136
33341
34354
49407
40792
33492
149194
46205
12023
106635
53599
114425
91228
43779
88437
22741
63706
15809
45852
44830
93542
37009
37845
62316
37536
225605
162030
24072
22509
64587
168212
36710
60740
178498
217397
31400
35924
46924
29126
30350
21120
30746
102550
119375
39875
43672
100731
68846
69701
26326
86368
48622
21484
55165
17459
78891
45689
109809
33012
27774
79552
62561
92902
24131
46900
91957
34169
38876
23449
57206
61986
42835
71591
37777
52315
18529
20963
14768
26994
43356
72386
24358
60969
39472
72988
51464
40988
30477
19636
67737
89278
78900
60567
34359
53108
62899
75568
34770
13123
24617
34344
17178
23181
66113
16636
44022
9784
98049
58509
62147
125117
78967
30170
34887
26263
26078
35088
22565
38046
66991
36926
64328
39728
17604
21884
49410
59113
31459
15936
70374
25029
51832
21145
16720
52693
23203
88115
35742
45739
23299
46149
31302
37962
24442
57618
107273
22396
48813
79270
50234
93138
54304
36889
26308
33625
29925
34968
40781
31589
79021
99964
92866
34951
32488
25463
23175
33364
20198
33288
37861
121500
76784
25625
42433
19025
89046
72679
131655
28789
41740
23532
82965
37208
67804
28106
15799
68442
84534
58094
67595
60485
2324
44362
7581
88985
49423
41536
32351
63224
41379
27713
46966
36904
37169
18492
32649
52015
40884
28430
20121
69744
41020
38691
65202
40761
41755
41717
18666
38367
34842
98477
45263
49774
31990
56063
88250
68309
38643
68502
33800
38351
141740
58405
20477
32171
18016
62563
129829
20414
30577
86681
41039
60355
29839
31282
56310
31270
48206
36050
245999
38703
98327
26414
25909
39217
32682
27192
127246
9459
9050
55984
58669
26919
40493
220460
73610
137721
38387
111518
21449
24875
38714
48629
24174
40480
94483
133622
22191
87446
30892
30398
13440
26402
55833
37970
35170
53390
23941
55066
25789
111261
39342
35025
19231
29559
21943
12199
45372
42857
40316
70600
52994
57491
59779
28277
85349
2349
26293
37808
26890
56761
71633
28061
67721
89036
34649
39266
110727
27019
57434
141392
12331
55021
198929
6487
43630
183183
53247
41258
21728
33584
35203
65144
29185
35737
126443
43582
10664
49656
85345
41850
15451
91544
11981
94049
27855
28111
45385
55960
39145
23288
31180
36567
38724
28457
24714
57482
21821
24587
15681
103392
86836
31336
50979
59967
37124
18549
18856
102862
8116
35633
59804
38050
29740
62194
31177
31398
33054
103492
35349
36240
68361
57058
48714
24874
81728
199682
86455
16363
73403
25907
37978
15655
11612
55399
32618
46246
19752
68133
26140
33826
46131
36684
22289
34229
42143
20809
43569
36022
37745
51277
18396
28196
73077
27266
27456
44055
29565
42743
35312
98149
16346
41805
33999
258916
14985
63981
26999
48348
45199
118687
44692
18995
24869
83882
18784
27158
61139
283936
51627
14208
21951
39484
64072
176077
98431
59357
23946
23644
36198
26966
51950
42567
233106
30715
102894
360233
61169
50315
34121
51411
93856
59009
22652
41253
16159
50492
14488
70990
37785
215289
22836
26596
30151
31417
31434
71911
49704
37473
35415
63050
25665
40986
107719
35516
5068
84255
42644
39320
31241
34858
34293
36261
65944
54245
80790
53533
17661
40053
39728
125602
30701
34451
34245
45568
35773
46003
38008
43803
29893
36979
37156
17533
33972
69896
29101
41938
29092
26255
29762
19212
55604
26127
81745
55962
20788
15821
34083
16907
30933
37399
28485
33581
38621
72869
22744
40955
51230
51548
23974
40590
179647
35245
67871
17162
11886
94981
52951
28646
50506
20219
26389
81325
18524
12637
34790
132803
40158
42385
24697
54679
52846
64742
101678
36643
43837
30049
39436
104230
34059
19006
112428
64730
16683
37737
28254
46239
25352
34731
43579
34837
34038
29032
45308
30826
93990
82845
27460
78303
23852
36735
30803
38261
17029
43663
44788
20301
166998
37904
60929
49877
48773
193519
66267
61976
10977
58252
27503
67797
35443
26150
43718
35839
47714
34067
44609
52986
36417
52838
59559
154395
44568
82423
80446
20198
55593
16276
14792
15279
146384
20270
26175
32394
50993
38291
22914
40269
50525
36359
33687
54007
52010
43302
34732
54265
46157
28234
38895
38404
22219
41903
40035
49124
26475
55845
32332
73722
162319
57052
91398
20414
32725
18703
54141
61685
21236
33281
11114
79767
22604
47927
97134
26420
82464
25884
39885
49730
54671
44940
49927
12585
53437
28810
40333
67996
72791
14866
57380
145599
53462
55070
66111
145314
60711
54474
19169
30542
28453
23139
36887
47342
20502
134464
126841
97836
60394
21401
43002
24700
45539
29618
126842
40646
20859
23469
40430
38261
26686
17713
42424
66579
49834
46748
31226
45756
52868
27952
17680
151200
69186
34975
145798
144646
39480
69699
46412
41665
37180
41371
29439
39120
37530
27695
57015
32274
59574
77023
22512
71039
74260
38109
63724
34415
63313
70610
39097
53930
62030
34556
38756
86596
52539
35038
36875
35224
33495
73674
38112
40202
51479
38843
84937
46473
43214
44141
29521
93288
24333
35007
42152
26162
30621
83983
24857
201060
30044
29144
34377
14315
131709
56591
45337
38582
29223
34228
56618
32974
35066
42017
140651
125530
153482
