0
20971520
50593792
82051072
120324096
142344192
170917888
200278016
229376000
252444672
297795584
298057728
298319872
298582016
298844160
299106304
299368448
299630592
299892736
300154880
300417024
300679168
300941312
301203456
301465600
301727744
301989888
302252032
302514176
302776320
303038464
303300608
303562752
303824896
304087040
304349184
304611328
304873472
305135616
305397760
305659904
305922048
306184192
306446336
306708480
306970624
307232768
307494912
307757056
308019200
308281344
308543488
308805632
309067776
309329920
309592064
309854208
310116352
310378496
310640640
310902784
311164928
311427072
311689216
311951360
312213504
312475648
312737792
312999936
313262080
313524224
313786368
314048512
314310656
314572800
314834944
315097088
315359232
315621376
315883520
316145664
316407808
316669952
316932096
317194240
317456384
317718528
317980672
318242816
318504960
318767104
319029248
319291392
319553536
319815680
320077824
320339968
320602112
320864256
321126400
321388544
321650688
321912832
322174976
322437120
322699264
322961408
323223552
323485696
323747840
324009984
324272128
324534272
324796416
325058560
325320704
325582848
325844992
326107136
326369280
326631424
326893568
327155712
327417856
327680000
327942144
328204288
328466432
328728576
328990720
329252864
329515008
329777152
330039296
330301440
330563584
330825728
331087872
331350016
331612160
331874304
332136448
332398592
332660736
332922880
333185024
333447168
333709312
333971456
334233600
334495744
334757888
335020032
335282176
335544320
335806464
336068608
336330752
336592896
336855040
337117184
337379328
337641472
337903616
338165760
338427904
338690048
338952192
339214336
339476480
339738624
340000768
340262912
340525056
340787200
341049344
341311488
341573632
341835776
342097920
342360064
342622208
342884352
343146496
343408640
343670784
343932928
344195072
344457216
344719360
344981504
345243648
345505792
345767936
346030080
346292224
346554368
346816512
347078656
347340800
347602944
347865088
348127232
348389376
348651520
348913664
349175808
349437952
349700096
349962240
350224384
350486528
350748672
351010816
351272960
351535104
351797248
352059392
352321536
352583680
352845824
353107968
353370112
353632256
353894400
354156544
354418688
354680832
354942976
355205120
355467264
355729408
355991552
356253696
356515840
356777984
357040128
357302272
357564416
357826560
358088704
358350848
358612992
358875136
359137280
359399424
359661568
360185856
360448000
360710144
360972288
361234432
361496576
362020864
362283008
362545152
362807296
363069440
363331584
363593728
363855872
364118016
364380160
364642304
364904448
365166592
365428736
365690880
365953024
366215168
366477312
366739456
367001600
367263744
367525888
367788032
368050176
368312320
368574464
368836608
369098752
369360896
369623040
369885184
370147328
370409472
370671616
370933760
371195904
371458048
371720192
371982336
372244480
372506624
372768768
373030912
373293056
373555200
373817344
374079488
374341632
374603776
374865920
375128064
375390208
375652352
375914496
376176640
376438784
376700928
376963072
377225216
377487360
377749504
378011648
378273792
378535936
378798080
379060224
379322368
379584512
379846656
380108800
380370944
380633088
380895232
381157376
381419520
381681664
381943808
382205952
382468096
382730240
382992384
383254528
383516672
383778816
384040960
384303104
384565248
384827392
385089536
385351680
385613824
385875968
386138112
386400256
386662400
386924544
387186688
387448832
387710976
387973120
388235264
388497408
388759552
389021696
389283840
389545984
389808128
390070272
390332416
390594560
390856704
391118848
391380992
391643136
391905280
392167424
392429568
392691712
392953856
393216000
393478144
393740288
394002432
394264576
394526720
394788864
395051008
395313152
395575296
395837440
396099584
396361728
396623872
396886016
397148160
397410304
397672448
397934592
398196736
398458880
398721024
398983168
399245312
399507456
399769600
400031744
400293888
400556032
400818176
401080320
401342464
401604608
401866752
402128896
402391040
402653184
402915328
403177472
403439616
403701760
403963904
404226048
404488192
404750336
405012480
405274624
405536768
405798912
406061056
406323200
406585344
406847488
407109632
407371776
407633920
407896064
408158208
408420352
408682496
408944640
409206784
409468928
409731072
409993216
410255360
410517504
410779648
411041792
411303936
411566080
411828224
412090368
412352512
412614656
412876800
413138944
413401088
413663232
413925376
414187520
414449664
414711808
414973952
415236096
415498240
415760384
416022528
416284672
416546816
416808960
417071104
417333248
417595392
417857536
418119680
418381824
418643968
418906112
419168256
419430400
419692544
419954688
420216832
420478976
420741120
421003264
421265408
421527552
421789696
422051840
422313984
422576128
422838272
423100416
423362560
423624704
423886848
424148992
424411136
424673280
424935424
425197568
425459712
425721856
425984000
426246144
426508288
426770432
427032576
427294720
427556864
427819008
428081152
428343296
428605440
428867584
429129728
429391872
429654016
429916160
430178304
430440448
430702592
430964736
431226880
431489024
431751168
432013312
432275456
432537600
432799744
433061888
433324032
433586176
433848320
434110464
434372608
434634752
434896896
435159040
435421184
435683328
435945472
436207616
436469760
436731904
436994048
437256192
437518336
437780480
438042624
438304768
438566912
438829056
439091200
439353344
439615488
439877632
440139776
440401920
440664064
440926208
441188352
441450496
441712640
441974784
442236928
442499072
442761216
443023360
443285504
443547648
443809792
444071936
444334080
444596224
444858368
445120512
445382656
445644800
445906944
446169088
446431232
446693376
446955520
447217664
447479808
447741952
448004096
448266240
448528384
448790528
449052672
449314816
449576960
449839104
450101248
450363392
450625536
450887680
451149824
451411968
451674112
451936256
452198400
452460544
452722688
452984832
453246976
453509120
453771264
454033408
454295552
454557696
454819840
455081984
455344128
455606272
455868416
456130560
456392704
456654848
456916992
457179136
457441280
457703424
457965568
458227712
458489856
458752000
459014144
459276288
459538432
459800576
460062720
460324864
460587008
460849152
461111296
461373440
461635584
461897728
462159872
462422016
462684160
462946304
463208448
463470592
463732736
463994880
464257024
464519168
464781312
465043456
465305600
465567744
465829888
466092032
466354176
466616320
466878464
467140608
467402752
467664896
467927040
468189184
468451328
468713472
468975616
469237760
469499904
469762048
470024192
470286336
470548480
470810624
471072768
471334912
471597056
471859200
472121344
472383488
472645632
472907776
473169920
473432064
473694208
473956352
474218496
474480640
474742784
475004928
475267072
475529216
475791360
476053504
476315648
476577792
476839936
477102080
477364224
477626368
477888512
478150656
478412800
478674944
478937088
479199232
479461376
479723520
479985664
480247808
480509952
480772096
481034240
481296384
481558528
481820672
482082816
482344960
482607104
482869248
483131392
483393536
483655680
483917824
484179968
484442112
484704256
484966400
485228544
485490688
485752832
486014976
486277120
486539264
486801408
487063552
487325696
487587840
487849984
488112128
488374272
488636416
489160704
489422848
489684992
489947136
490209280
490471424
490733568
490995712
491257856
491520000
491782144
492044288
492306432
492568576
492830720
493092864
493355008
493617152
494141440
494403584
494665728
494927872
495190016
495452160
495714304
495976448
496238592
496500736
496762880
497025024
497287168
497549312
497811456
498073600
498335744
498597888
498860032
499122176
499384320
499646464
499908608
500170752
500432896
500695040
500957184
501219328
501481472
501743616
502005760
502267904
502530048
502792192
503054336
503316480
503578624
503840768
504102912
504365056
504627200
504889344
505151488
505413632
505675776
505937920
506200064
506462208
506724352
506986496
507248640
507510784
507772928
508035072
508297216
508559360
508821504
509083648
509345792
509607936
509870080
510132224
510394368
510656512
510918656
511180800
511442944
511705088
511967232
512229376
512491520
512753664
513015808
513277952
513540096
513802240
514064384
514326528
514588672
514850816
515112960
515375104
515637248
515899392
516161536
516423680
516685824
516947968
517210112
517472256
517734400
517996544
518258688
518520832
518782976
519045120
519307264
519569408
519831552
520093696
520355840
520617984
520880128
521142272
521404416
521666560
521928704
522190848
522452992
522715136
522977280
523239424
523501568
523763712
524025856
524288000
524550144
524812288
525074432
525336576
525598720
525860864
526123008
526385152
526647296
526909440
527171584
527433728
527695872
527958016
528220160
528482304
528744448
529006592
529268736
529530880
529793024
530055168
530317312
530579456
530841600
531103744
531365888
531628032
531890176
532152320
532414464
532676608
532938752
533200896
533463040
533725184
533987328
534249472
534511616
534773760
535035904
535298048
535560192
535822336
536084480
536346624
536608768
536870912
537133056
537395200
537657344
537919488
538181632
538443776
538705920
538968064
539230208
539492352
539754496
540016640
540278784
540540928
540803072
541065216
541327360
541589504
541851648
542113792
542375936
542638080
542900224
543162368
543424512
543686656
543948800
544210944
544473088
544735232
544997376
545259520
545521664
545783808
546045952
546308096
546570240
546832384
547094528
547356672
547618816
547880960
548143104
548405248
548667392
548929536
549191680
549453824
549715968
549978112
550240256
550502400
550764544
551026688
551288832
551550976
551813120
552075264
552337408
552599552
552861696
553123840
553385984
553648128
553910272
554172416
554434560
554696704
554958848
555220992
555483136
555745280
556007424
556269568
556531712
556793856
557056000
557318144
557580288
557842432
558104576
558366720
558628864
558891008
559153152
559415296
559677440
559939584
560201728
560463872
560726016
560988160
561250304
561512448
561774592
562036736
562298880
562561024
562823168
563085312
563347456
563609600
563871744
564133888
564396032
564658176
564920320
565182464
565444608
565706752
565968896
566231040
566493184
566755328
567017472
567279616
567541760
567803904
568066048
568328192
568590336
568852480
569114624
569376768
569638912
569901056
570163200
570425344
570687488
570949632
571211776
571473920
571736064
571998208
572260352
572522496
572784640
573046784
573308928
573571072
573833216
574095360
574357504
574619648
574881792
575143936
575406080
575668224
575930368
576192512
576454656
576716800
576978944
577241088
577503232
577765376
578027520
578289664
578551808
578813952
579076096
579338240
579600384
579862528
580124672
580386816
580648960
580911104
581173248
581435392
581697536
581959680
582221824
582483968
582746112
583008256
583270400
583532544
583794688
584056832
584318976
584581120
